27638
27986
28043
28057
28064
28068
28100
28160
28232
28366
28780
28797
28803
29655
29726
29862
29965
30251
30693
31140
31141
31516
32193
32194
32869
32870
32871
32872
35015
35642
35823
35824
35825
35826
36051
36053
36054
36055
36710
38723
38823
39354
41878
43146
47353
47356
47359
47528
48386
50141
52344
55939
59894
60217
60737
63133
69058
69129
69131
71737
72800
72988
73434
75435
75733
75773
84738
84739
85767
89229
91475
91476
97783
97825
97826
97840
98486
102458
102736
102778
103199
103219
104579
104581
104684
105978
106961
106965
107434
107901
108088
111439
111769
112385
113896
113897
115604
118969
118971
119431
119900
120706
123183
124405
128935
129847
130799
130800
134040
134334
134335
134365
134443
135370
135880
136315
137119
137120
137121
137122
137123
137124
137125
137126
139813
140390
140820
141599
141722
144737
144738
146105
146540
147504
147506
147507
147824
148280
148417
149101
149102
149103
151078
151764
152679
153935
154853
157021
157582
158123
160486
160490
160491
161686
161902
162548
162549
163090
163897
165048
166151
168254
169271
171588
171767
172834
173102
173196
174195
174499
174677
175666
175693
176069
176248
176280
177493
178236
178339
178446
178721
178796
180079
180111
180520
180536
183084
184846
185912
185913
187042
187791
188071
188420
188709
190468
191771
192305
194320
194322
195430
195431
196977
197813
197937
199699
200341
201522
201523
201666
201879
201974
202799
202883
202915
203367
203701
203702
203962
204992
206275
206580
207009
207174
207232
209285
217493
220330
221863
222278
222391
222411
222535
222646
223039
223040
223725
223726
225296
226080
228425
229815
229851
235862
238765
238766
239057
239058
240106
241294
241739
243946
244486
244487
244488
245780
246241
246242
246322
246410
246584
246585
248991
249434
249516
249517
252482
254656
259353
259354
259355
260177
260838
260839
262188
262189
262209
262828
263900
264009
265880
267052
270394
270395
272317
272495
272587
272980
274236
274237
275225
276451
276865
279032
279056
279140
279872
280034
281069
281388
281389
281390
281631
281632
282140
282379
282667
283239
283509
283722
283723
284082
284083
284084
284085
284207
286597
287576
287577
288143
288811
292574
292575
292576
292577
292578
293142
293188
293200
295734
295735
296384
297115
300313
300314
300771
300772
301176
303026
305227
305258
305259
305947
305948
306156
308917
311082
312910
313050
313849
313960
314033
314894
314941
315660
316588
316589
316593
316611
316938
317460
318340
318950
319474
319499
320180
321379
321380
322254
322279
323883
325060
325332
325948
325949
325950
325951
326423
326550
326864
327064
327226
327227
327229
327230
327231
327496
327780
328238
328400
329307
334726
335041
335786
335789
337500
341005
341194
342074
342075
342076
342364
343277
343528
344332
344643
345297
346822
347360
352531
354959
357891
358670
360925
364532
366640
366642
367417
368238
369107
371917
379973
380029
380625
385942
386899
386900
390929
394069
399855
403447
403448
403449
403908
403909
403910
405022
405023
405059
405612
405613
407079
408378
410858
410914
411291
412225
412541
412984
415479
416183
416970
416971
418139
418761
418762
418768
419976
421605
423898
426550
427342
428275
429478
429800
431717
431749
432030
432032
432155
433168
433925
433983
434242
434243
434942
437139
438314
438315
438316
438317
439860
440547
441740
441828
441848
442037
442860
442861
443440
443615
443616
444371
444565
445237
446157
447144
447145
448698
449297
449358
449693
450602
451362
451609
451612
451665
451713
451841
452694
453724
454023
454024
456291
457681
460044
460513
460515
461665
461989
462678
462736
465548
467155
467613
468200
468841
468997
469727
473588
473589
479520
480561
480887
480891
480892
484611
485109
485110
486740
487601
488380
489041
489634
489759
493373
494114
495266
495538
495665
495865
498507
499131
499713
500620
502581
502975
506939
507099
511046
511147
512000
515641
515649
525278
526292
529080
531553
531555
531556
531557
532036
535679
537443
537682
537808
537937
537938
538698
544419
544420
544441
546081
547880
553376
554392
554401
554935
555319
557781
558314
561335
561661
562098
562844
563814
565343
565471
566695
567103
567586
568290
569113
569590
570965
571028
571485
571954
572525
572717
573861
574165
577093
577507
578769
580937
580941
580943
580945
581159
581401
585277
585981
588523
588599
588959
589477
589671
589675
590439
590553
591347
591789
591793
593647
593653
594307
594541
595367
602917
608995
608999
610921
611931
623699
624133
626475
627765
630291
637391
637823
640635
640637
640639
641169
641809
642163
645229
646087
646391
647519
647772
648081
648517
649034
649228
650037
650745
651155
651605
652027
652034
652945
653685
653816
654567
655216
655679
655680
655681
655682
655683
655684
655685
655686
656916
658358
659793
659794
659795
660071
660240
660244
660247
660248
660249
660593
660594
661086
663724
663725
663776
663973
663974
664075
669399
672594
673736
673821
674285
674349
674350
674351
674514
675261
675796
675838
676575
677903
680689
681500
682053
682054
682311
683302
683409
683825
683969
683970
685756
686421
687530
687624
687668
687683
687684
687685
687686
688289
688639
689164
690461
690468
690469
691025
691026
691083
691112
691208
691549
691944
695620
696895
700643
700644
700653
701018
701210
702788
703725
703969
706817
707772
707800
708367
710949
711189
711757
711758
712769
713190
713414
715043
715044
715092
715093
715094
717096
717097
717632
717768
718643
720132
722844
722894
724348
724832
724928
724929
725577
726068
726180
726381
727204
727294
727636
727637
727857
728416
728870
728871
728872
728874
728875
728877
728878
731624
732316
732317
732318
732326
732327
734184
734434
735757
735833
736512
737878
738231
738978
738980
744036
744241
745115
745237
745238
745308
745351
745360
745444
746363
748894
750791
751984
752560
753259
753671
756422
756423
756424
757342
758578
758579
759325
759823
760779
761379
761641
762034
762207
762573
764082
764099
765017
765018
765097
766204
768358
768453
768454
768781
769590
769747
770227
770354
770744
773398
775513
776295
776970
777073
777074
779523
783127
783860
783861
784368
784369
785156
785416
785897
785898
785899
785901
785902
785904
785907
785908
785909
785910
786108
786379
786547
786573
786636
788307
788979
789668
790218
790224
792550
792863
792864
793626
795096
795556
795621
795975
796012
796311
796829
799208
799333
799352
799785
799916
800533
800535
800536
800537
800538
800730
801293
801303
801373
801557
801663
803964
804314
804963
806325
808491
809470
809914
811424
812161
813005
816717
818022
818685
819841
819981
820481
820483
821785
822219
822384
823257
823710
823757
824085
824088
824093
824094
824622
824970
825582
825690
827064
827200
827317
827857
827925
827952
827990
828242
828243
828958
829921
830621
831241
833409
833432
834577
835314
836936
837014
837015
837017
837237
838936
839569
839627
839947
840426
840427
840643
841064
841565
841599
844103
846613
846872
846907
847452
847592
848782
848783
849199
850057
850104
850992
852138
853167
853694
853778
853779
853793
853858
854741
855762
856911
858241
859275
860189
860311
860870
860921
861415
862088
862110
862437
862506
862642
862898
863143
863253
863264
863268
863563
864446
865199
865974
865982
866192
866614
866621
867706
869285
869286
870323
870353
870707
872010
872890
874858
875324
875578
877437
878369
878378
878379
878791
879221
880496
880587
881123
881191
881313
881567
883790
884418
884546
887621
888035
888036
888621
888975
889529
889632
890925
890951
890955
891150
891542
892791
893627
894011
894090
894744
895495
896077
896753
897024
897279
897517
897653
898388
898654
898786
898985
899942
900544
900866
901194
901553
902084
902259
902709
902888
904386
904742
904866
905546
905745
905761
907085
907594
908297
908567
908717
908852
908876
909248
909309
909414
909726
909752
910411
911189
911540
912808
913611
914220
914977
915058
916643
916958
917222
917369
917704
917872
918456
919196
919231
919747
919757
920146
920772
921179
921621
921840
921985
922018
922384
922600
923762
924446
924717
924759
925160
925768
926143
926176
926177
926178
926179
926589
926644
927639
927754
927819
929999
933666
933827
936412
937170
938015
938613
939072
939738
940416
943977
944093
944094
944277
944278
944722
944802
944803
945157
945686
949264
949508
950679
951132
951521
952300
952383
953469
955279
955615
956254
957692
957693
957694
957696
957815
958038
958098
958485
958507
959233
959272
959405
959406
959407
959408
959486
961695
962155
962454
962880
963404
963491
963492
963962
963973
965167
965352
966034
966202
966203
966242
966243
967401
967941
969097
969314
969438
969686
970163
970417
973607
974378
975177
975373
975374
976190
977332
977951
977982
978213
978346
979324
979325
981960
982149
982913
982932
983044
983759
986232
986359
986472
986861
986943
987133
987724
987964
988030
988082
988197
988397
988726
989493
989854
990527
990528
990529
991059
991258
991670
991770
992106
992389
992474
994023
994038
994310
995563
998644
999064
999720
1001286
1002857
1002858
1002874
1004376
1004491
1004492
1005957
1007185
1007403
1008121
1009377
1009456
1010596
1011226
1011386
1012150
1012160
1013839
1017624
1018019
1020488
1020489
1020490
1020491
1020492
1020493
1020494
1020839
1021578
1021579
1023227
1023497
1024697
1025938
1025990
1026834
1027560
1027561
1027692
1027707
1027708
1028903
1029255
1029976
1031434
1031954
1033002
1034190
1034834
1034836
1035543
1035585
1035586
1036510
1036976
1038331
1039510
1039511
1039881
1040424
1041591
1041682
1042088
1042089
1042794
1044694
1045214
1045304
1046830
1046977
1047313
1047673
1047681
1047864
1047994
1048276
1049287
1049617
1051495
1052291
1052295
1052900
1052987
1053019
1054416
1054655
1054656
1055076
1055979
1055980
1055981
1055982
1056202
1057141
1058918
1059527
1060005
1060504
1061224
1061456
1061972
1062374
1062577
1062873
1063717
1063867
1065821
1066809
1066890
1069081
1069082
1069601
1069949
1069950
1069972
1069973
1071438
1072320
1072777
1073275
1073276
1073277
1073278
1073279
1073789
1073986
1074053
1074556
1074853
1075001
1076150
1076667
1078426
1079029
1079031
1079133
1080393
1081141
1081713
1082260
1082510
1082542
1082765
1082768
1082771
1082775
1082780
1082783
1082784
1083583
1084356
1085199
1085412
1086000
1087334
1087789
1088043
1089618
1089619
1089798
1090606
1090607
1092234
1092615
1093455
1093629
1093636
1095854
1095855
1097552
1097891
1098338
1099081
1099722
1100071
1100109
1100231
1100512
1103685
1103732
1103839
1103840
1103841
1103943
1104057
1104200
1104613
1105826
1106034
1106704
1107102
1107104
1107300
1107970
1108627
1109510
1109513
1109572
1109849
1110112
1111492
1111493
1111760
1112356
1112521
1112666
1112766
1114383
1114433
1115199
1115205
1115206
1115218
1116417
1116977
1117247
1117355
1117451
1118005
1118006
1118007
1118008
1118614
1119135
1119755
1120184
1120317
1120556
1120912
1120913
1121834
1122324
1122477
1123208
1124136
1124137
1124488
1124616
1124857
1125406
1125642
1125647
1125665
1125795
1125866
1126228
1126355
1126510
1126565
1126915
1127116
1127341
1127547
1127798
1127861
1127920
1127971
1128097
1128403
1128609
1128610
1128638
1129193
1129194
1129371
1129379
1129583
1131132
1131690
1131698
1131868
1131896
1133255
1134237
1134302
1134681
1134883
1134884
1134887
1134888
1137171
1137172
1137173
1137212
1137879
1138154
1138401
1139305
1139440
1140187
1141084
1141598
1141858
1142204
1142205
1142206
1142207
1142208
1142536
1142608
1142669
1142884
1142960
1143630
1144257
1145829
1147079
1147080
1147081
1147263
1148238
1148303
1148904
1148905
1149423
1150868
1151133
1151166
1151170
1151171
1151178
1151644
1151654
1151834
1151879
1151882
1151888
1152969
1153404
1153535
1154100
1155154
1155228
1155547
1156405
1157868
1159359
1159650
1159669
1160810
1160829
1160937
1160948
1160949
1160988
1160989
1162224
1162425
1162426
1162427
1162811
1162919
1163028
1163239
1163440
1163521
1164254
1164360
1164369
1164568
1165149
1165847
1165848
1166126
1166289
1166895
1167475
1167554
1167555
1168109
1168758
1168807
1169205
1169559
1169773
1169774
1171254
1171316
1171688
1171696
1172150
1172552
1173001
1173428
1173436
1173889
1174307
1174838
1176528
1180080
1180337
1180676
1180753
1180754
1181741
1181749
1181750
1181900
1182535
1183208
1184098
1184664
1185311
1186269
1186570
1186901
1187122
1191209
1191349
1191831
1191832
1191979
1192002
1192060
1192179
1192807
1192895
1193177
1193512
1196254
1199955
1200272
1200757
1200799
1201583
1201899
1205766
1205876
1206100
1206499
1208024
1208032
1208919
1209160
1209163
1210645
1210660
1210661
1212632
1213004
1215429
1216854
1217417
1218028
1218421
1218544
1218731
1219148
1219210
1219212
1219213
1219214
1219290
1219310
1219313
1219705
1219934
1220839
1220944
1221541
1222646
1223690
1223770
1225282
1226323
1226524
1226609
1227001
1227055
1227265
1228840
1229141
1229631
1230741
1230854
1231072
1231400
1231479
1232752
1234064
1235344
1236211
1237234
1240583
1241418
1241924
1242427
1242689
1242895
1243815
1243816
1243821
1243824
1243847
1245003
1245714
1246534
1247753
1247754
1247755
1247756
1247757
1247758
1247759
1247975
1247976
1250153
1251181
1251844
1252022
1253351
1253352
1254392
1255288
1255474
1255475
1255922
1257403
1257404
1257627
1257723
1257855
1257904
1258033
1258287
1258579
1259653
1260037
1260108
1260398
1261878
1261879
1262321
1262795
1262796
1263210
1263211
1264503
1265214
1265343
1265925
1266100
1266164
1267365
1268406
1270410
1271397
1271476
1273685
1273760
1274636
1274637
1282380
1282629
1282951
1282952
1282953
1283506
1283654
1284130
1286225
1286241
1288857
1288858
1288860
1289107
1289183
1289605
1289606
1289657
1289704
1289705
1289717
1289755
1289863
1289864
1289899
1290342
1290497
1290690
1290691
1290855
1291225
1291267
1291324
1291373
1291472
1291481
1291505
1291565
1292113
1292314
1294238
1294709
1295309
1295730
1295731
1295846
1295849
1296370
1296538
1296610
1297215
1297260
1297325
1298998
1299008
1299791
1300518
1300780
1301230
1301354
1301434
1301738
1302354
1302566
1302567
1302608
1304049
1304276
1304553
1304831
1305761
1306077
1306147
1306871
1306940
1306992
1307320
1307401
1307659
1308975
1309079
1309931
1310748
1311340
1312158
1313028
1313029
1313635
1314545
1314546
1314568
1315139
1315468
1315878
1316933
1317090
1319732
1320129
1324380
1328259
1328328
1329592
1331610
1331674
1332018
1332035
1332036
1332037
1336662
1341641
1342301
1342302
1342357
1343291
1343292
1343293
1343438
1343703
1343878
1343925
1344602
1346404
1347099
1347486
1348414
1348658
1349312
1349346
1350134
1350175
1350927
1351585
1351972
1352576
1352717
1353365
1353480
1353828
1353936
1354319
1354519
1354522
1354531
1354657
1354778
1354779
1354795
1354842
1354990
1355829
1355907
1358299
1358350
1358749
1359240
1359623
1359683
1359734
1359916
1360050
1361483
1361514
1361805
1363001
1363564
1363565
1363566
1364370
1365213
1365214
1366685
1367498
1370029
1370082
1370463
1371182
1371183
1371184
1371390
1371517
1371788
1371789
1371790
1371793
1371794
1371795
1371796
1371797
1372142
1373482
1374107
1377587
1377588
1377589
1377739
1380496
1380497
1380717
1382030
1382091
1382561
1383825
1384129
1384139
1385005
1389624
1391381
1391928
1392016
1392411
1392757
1393202
1393783
1393902
1395074
1395956
1395957
1395958
1396915
1397838
1398110
1399239
1399240
1399651
1403580
1406018
1406204
1408296
1408381
1408449
1410301
1415466
1415526
1417193
1417972
1418137
1419149
1419712
1419921
1420162
1420669
1420671
1421439
1429195
1429457
1430944
1431482
1431483
1431540
1431549
1431734
1431981
1433306
1433518
1433626
1433677
1436138
1436909
1438635
1439682
1439888
1440018
1442992
1443386
1443387
1445680
1447280
1447689
1450182
1451058
1451703
1452386
1453229
1454407
1455849
1455858
1456593
1456733
1457148
1458794
1459311
1459347
1465147
1469240
1472242
1474647
1475369
1475620
1477091
1477910
1479567
1479927
1482959
1483226
1483394
1483395
1483396
1483398
1486195
1487095
1487726
1490015
1494341
1495634
1498892
1500698
1502221
1504551
1507125
1509693
1510266
1512093
1512807
1514256
1514799
1515487
1517355
1517886
1517887
1518125
1518377
1522511
1522554
1523740
1524581
1527747
1527960
1529409
1529410
1529756
1529757
1529758
1529759
1529760
1529761
1529762
1529763
1530057
1530633
1533884
1535180
1535953
1537807
1538301
1538880
1538882
1539079
1540437
1541098
1541243
1543094
1544408
1544629
1546243
1546513
1548125
1548376
1551135
1551754
1551873
1551874
1553251
1554693
1559618
1562874
1564643
1565720
1566024
1569153
1570798
1571448
1571507
1572830
1572866
1573205
1577254
1578503
1578505
1578784
1582287
1583277
1583377
1583561
1584957
1586453
1586892
1587059
1588396
1590814
1591138
1594426
1595969
1597765
1599042
1599043
1599053
1603080
1603081
1603595
1603596
1603635
1605148
1607120
1608264
1610002
1612465
1614064
1615853
1615854
1615856
1615857
1616530
1617749
1618329
1618330
1618331
1618334
1618335
1618445
1618573
1618589
1619010
1620583
1622409
1622410
1623067
1624522
1625191
1627634
1628302
1629708
1630565
1632633
1633126
1633127
1633128
1633129
1633130
1634933
1636388
1636409
1636879
1636880
1636881
1637842
1639118
1639306
1639307
1639308
1639687
1640506
1640995
1641008
1643106
1644535
1644648
1644684
1644937
1645802
1646845
1648053
1648054
1648055
1648943
1653038
1653225
1654883
1655703
1658362
1659057
1659472
1669990
1670016
1670017
1672165
1672437
1673729
1678546
1679180
1681613
1681614
1681615
1681616
1681634
1681843
1686683
1687475
1689477
1692260
1693426
1693956
1694787
1695445
1695964
1695973
1698363
1699423
1700562
1700933
1700989
1701715
1702903
1702971
1704730
1705327
1705511
1706210
1706407
1707533
1708557
1708932
1709121
1709358
1709372
1709412
1709551
1709629
1709953
1710214
1710275
1711021
1711172
1711737
1711766
1711767
1713228
1713461
1713462
1713463
1714281
1714818
1714819
1714820
1714821
1714822
1715917
1716140
1716686
1716795
1717644
1718647
1718816
1722050
1722406
1723473
1725174
1728019
1728216
1728500
1729283
1730139
1730154
1730208
1730657
1730658
1731253
1731978
1733305
1734756
1735958
1737486
1737662
1738914
1739970
1740944
1741690
1742840
1742936
1742937
1743443
1743837
1744742
1746492
1746902
1746952
1751716
1751743
1751744
1753175
1754329
1757416
1757663
1758289
1760083
1760084
1760614
1760666
1761677
1762037
1762937
1765081
1765587
1765848
1768177
1768240
1768241
1768264
1768802
1770626
1771721
1772546
1774124
1774778
1775270
1776976
1777067
1777160
1777467
1777756
1777809
1778481
1778482
1779936
1780727
1780840
1781604
1782215
1788629
1788961
1800316
1803506
1803623
1803640
1803763
1804553
1805910
1807175
1807176
1807177
1808263
1808605
1809151
1809486
1809845
1810154
1815608
1816252
1817815
1818274
1821081
1821239
1824415
1827512
1828400
1829927
1832051
1832316
1833777
1833818
1833964
1838159
1839834
1841365
1843086
1843621
1843663
1847697
1849131
1849487
1854558
1856902
1857524
1857760
1859310
1860806
1865075
1867096
1867189
1868204
1869633
1870068
1870148
1870149
1871842
1872563
1874508
1879082
1879169
1879176
1881584
1882028
1882052
1883272
1883277
1886838
1886839
1890216
1893219
1893220
1894420
1895282
1897316
1897317
1897551
1898504
1898692
1899100
1899825
1901200
1901201
1901202
1901203
1902818
1902984
1906276
1907489
1907490
1909230
1909836
1909862
1909963
1910306
1913492
1914037
1921396
1922626
1924570
1926138
1926301
1935058
1937647
1940894
1941208
1942181
1942211
1942812
1942898
1943013
1944890
1944898
1945199
1945907
1946996
1946997
1946998
1947687
1950368
1951720
1951721
1952021
1952051
1954530
1955829
1956063
1956633
1957429
1960574
1962010
1962676
1963382
1963418
1963889
1964152
1964153
1966068
1966762
1966957
1968440
1972989
1975855
1980432
1981090
1982015
1982606
1985588
1986845
1987898
1988434
1989203
1989367
1989882
1989947
1992818
1993172
1993418
1994599
1994789
1997307
2004420
2004588
2005099
2006569
2006819
2008879
2010058
2012215
2012216
2012763
2012780
2015443
2015527
2016857
2022061
2022406
2022705
2026019
2026020
2026021
2026022
2026023
2026024
2026025
2026026
2026033
2026034
2026035
2026036
2026037
2026038
2026039
2026040
2026708
2033137
2035753
2035761
2037761
2038622
2038982
2039119
2039236
2040232
2044485
2044749
2045136
2045137
2045138
2045139
2045140
2045141
2045544
2046351
2046445
2047758
2048191
2049245
2049246
2049247
2049248
2049249
2049250
2049251
2052061
2052199
2055234
2056701
2058812
2058833
2059975
2061081
2061824
2062995
2063029
2067190
2067258
2069505
2070079
2072692
2078661
2078680
2082006
2082007
2082008
2082009
2082010
2082011
2082012
2082013
2082018
2082447
2087153
2087927
2089149
2089150
2089151
2089152
2089153
2089154
2092259
2095310
2095311
2095312
2095313
2095314
2096713
2097426
2097562
2098222
2099955
2100940
2101630
2103350
2104143
2105163
2105741
2105804
2106248
2106505
2106625
2107519
2107653
2113971
2113972
2115650
2115928
2122057
2123199
2123284
2123381
2124919
2125710
2125711
2125712
2125713
2125714
2125715
2125716
2125717
2125718
2125719
2125720
2125721
2125722
2125723
2125724
2128220
2134026
2134027
2135493
2138306
2138509
2139546
2142716
2143298
2145832
2149731
2151929
2152415
2152416
2153775
2157430
2158835
2167815
2167820
2167821
2167822
2169346
2170386
2171104
2171714
2171715
2171716
2173052
2173053
2173054
2173055
2179472
2180883
2183138
2183169
2183213
2183214
2183215
2185106
2186917
2187303
2191999
2193099
2194400
2194972
2196700
2198314
2198605
2200511
2200557
2200738
2200803
2200804
2200805
2200806
2200807
2200808
2200809
2200810
2200811
2201307
2201718
2201814
2201824
2202545
2202602
2202603
2202861
2202862
2203188
2203573
2204246
2205122
2205311
2209888
2210863
2211074
2216966
2218844
2225299
2225300
2226722
2227960
2228709
2230798
2237075
2237841
2239073
2239476
2242173
2244941
2246387
2249320
2250670
2250833
2250917
2251271
2251684
2254470
2254763
2256316
2257531
2260036
2260124
2260615
2261700
2261701
2261702
2261703
2261963
2262172
2262204
2262522
2262523
2263720
2265009
2265313
2265590
2265623
2266572
2267292
2267564
2268730
2269544
2269684
2278618
2279897
2281045
2288246
2288616
2289074
2290126
2291305
2291536
2292063
2292230
2296272
2298847
2299165
2299488
2299701
2300226
2301034
2303231
2305346
2306372
2306373
2306608
2312364
2312365
2312366
2317802
2318435
2320451
2320454
2321980
2322557
2324435
2324729
2325387
2325981
2325983
2325984
2325989
2331367
2335570
2335572
2336310
2337178
2338021
2342276
2342277
2342278
2346860
2349020
2351763
2351825
2352180
2359099
2359580
2359830
2364004
2367517
2368899
2373901
2375531
2381608
2381609
2382647
2384242
2388297
2388298
2391596
2394576
2396056
2396057
2397803
2399458
2399465
2403858
2403859
2409303
2409854
2409855
2413619
2427563
2429558
2429779
2430049
2436870
2437233
2442838
2443187
2443188
2443189
2443190
2446893
2448542
2448938
2450838
2453247
2457461
2457462
2457463
2457464
2457465
2458212
2458768
2459394
2465287
2466610
2470602
2471199
2471434
2472303
2473039
2473429
2473455
2474110
2474819
2477597
2479479
2479712
2480975
2482032
2482619
2482620
2483135
2483965
2484041
2484119
2485022
2485534
2487642
2487643
2489378
2493547
2494800
2494801
2494818
2494819
2496318
2498670
2499534
2499629
2505541
2509145
2509470
2520179
2522473
2526166
2527582
2527866
2527867
2528118
2528447
2528448
2535899
2536330
2536511
2537815
2538971
2539403
2543990
2546040
2546190
2547084
2547709
2547713
2547719
2547722
2548108
2548661
2548662
2548663
2548664
2549401
2551887
2551888
2553242
2554797
2555686
2555739
2556993
2557387
2557787
2559287
2559633
2559979
2560374
2560657
2562022
2562794
2565986
2566333
2566471
2567535
2567560
2568256
2568364
2569027
2569175
2569254
2571051
2571858
2572147
2573161
2573162
2573163
2573164
2573165
2573166
2573167
2573493
2573886
2575008
2575710
2588430
2589292
2591748
2592747
2596971
2597284
2599344
2605123
2608130
2610039
2611738
2612742
2613334
2615813
2619200
2619459
2619964
2622463
2623008
2623831
2624331
2626718
2627239
2628991
2631078
2633689
2634392
2634394
2649286
2649287
2650738
2655176
2656369
2658147
2659640
2663752
2666758
2668755
2669210
2669246
2671055
2674418
2675809
2677189
2677191
2679663
2680248
2680283
2685381
2692144
2694044
2696461
2696829
2699264
2701875
2702508
2702975
2707715
2708392
2708952
2708956
2708957
2708960
2708961
2708962
2708965
2708966
2708967
2708968
2708970
2708971
2708972
2708979
2708980
2709349
2709838
2719282
2719283
2719284
2719328
2720273
2720274
2720275
2720276
2721306
2722172
2726346
2729687
2730751
2731312
2732387
2736518
2738848
2740609
2741910
2742623
2745135
2753990
2756370
2756371
2759110
2760205
2760833
2760834
2761814
2762018
2764497
2764498
2764825
2764911
2764916
2764965
2766222
2776702
2778437
2781571
2784162
2791432
2793431
2793453
2793454
2794127
2795499
2796884
2811572
2811573
2812266
2812672
2812690
2816117
2817560
2825422
2827437
2836542
2839767
2844390
2849114
2852981
2855044
2855045
2855046
2855047
2862417
2869650
2871724
2871863
2874944
2875228
2890902
2897724
2908146
2908147
2909812
2910854
2911715
2913566
2917435
2918191
2918971
2919737
2921554
2922201
2925277
2928569
2930403
2932554
2937933
2937963
2938031
2938161
2938535
2940570
2942300
2943265
2945934
2946267
2946361
2949943
2950368
2953683
2954855
2962206
2964073
2971590
2972129
2972130
2972131
2972132
2972133
2972134
2981278
2988681
2988948
2988949
2994583
2995426
2995427
3003325
3008485
3015415
3017236
3019319
3020221
3020256
3022135
3022774
3022775
3022776
3024212
3025768
3025827
3028667
3028792
3032444
3033108
3037642
3042516
3042522
3042523
3043939
3045585
3045773
3045774
3046792
3051587
3053272
3054680
3057801
3058330
3058966
3059197
3059198
3059239
3066436
3068321
3070802
3078415
3079907
3082062
3086013
3089375
3101105
3101174
3104522
3106089
3106090
3118127
3118383
3118527
3118604
3119507
3120772
3121055
3122865
3123433
3127889
3128003
3138952
3141960
3147006
3148929
3168378
3169255
3170089
3170315
3178260
3195227
3195642
3197242
3213389
3217551
3232952
3232953
3237053
3238282
3238631
3243423
3245938
3254369
3258883
3261416
3262144
3262862
3264745
3265082
3267169
3267170
3267472
3267589
3267606
3273002
3274707
3281560
3281807
3283421
3286045
3291091
3292268
3294721
3296319
3299406
3306465
3310130
3311238
3313127
3315949
3316177
3316178
3316179
3316180
3316181
3316182
3317624
3322526
3323037
3324860
3325170
3325274
3326367
3332827
3333706
3349165
3364796
3364848
3376408
3381891
3382077
3385178
3386123
3389746
3392990
3395419
3397846
3401158
3408379
3411617
3412490
3412491
3415731
3420769
3421039
3422729
3423785
3429031
3431450
3431648
3432677
3437676
3438148
3440667
3441177
3442464
3444708
3444990
3445728
3446204
3447585
3452047
3464454
3464698
3467510
3473996
3474651
3475546
3476632
3476933
3480947
3481674
3483993
3484749
3496104
3497288
3497331
3497390
3504089
3504090
3505066
3507430
3514241
3515876
3520053
3521804
3522486
3522619
3522923
3524138
3540136
3541040
3542870
3542889
3542890
3542891
3542892
3544929
3552839
3557557
3561581
3562703
3563096
3563097
3564083
3564271
3570259
3572698
3574346
3578111
3580932
3583226
3591213
3592622
3595233
3595234
3595235
3595236
3597419
3598398
3598452
3606457
3607095
3607643
3607644
3607645
3608116
3614063
3615659
3617161
3619274
3623518
3623519
3623520
3623521
3623522
3628152
3631228
3632631
3640375
3640485
3644151
3649448
3665124
3667879
3669775
3672957
3676169
3678730
3688621
3688631
3688729
3688767
3688768
3714433
3714434
3714435
3721150
3722572
3723310
3729845
3729847
3729848
3729849
3729850
3739457
3740872
3750192
3752975
3753982
3768165
3783035
3783036
3784521
3784901
3793441
3794033
3802865
3805581
3806716
3807031
3812941
3814212
3826380
3828824
3841003
3847619
3847620
3849837
3868330
3871738
3873990
3879769
3881333
3886335
3888384
3889200
3895369
3904577
3916837
3920258
3920710
3925126
3929941
3934554
3940533
3940534
3940535
3942556
3943818
3943872
3943949
3946849
3949463
3953905
3955517
3965583
3967749
3981167
3981511
3981512
3985387
3985926
3985927
3985928
3985929
3985930
3985931
3994593
4000327
4003309
4009923
4009924
4009925
4017181
4019707
4021755
4031482
4044864
4045639
4049612
4052486
4053003
4053004
4073562
4081950
4083194
4085748
4101012
4101418
4101910
4101911
4101912
4117326
4117327
4122965
4129148
4130888
4130889
4131853
4136149
4146007
4147195
4150578
4152555
4152556
4152557
4158577
4181765
4182613
4207799
4211940
4216196
4226605
4228367
4234569
4234632
4243833
4243834
4243835
4243836
4243837
4243838
4243839
4243840
4243841
4243842
4243843
4243844
4243845
4248116
4254108
4265661
4275880
4280418
4286950
4288226
4306815
4306816
4306817
4306819
4306820
4306821
4306835
4306975
4307069
4325459
4332223
4332727
4334051
4336977
4352514
4361342
4362868
4362869
4375662
4376790
4384562
4384636
4384637
4384671
4385377
4385378
4385379
4385380
4385381
4385382
4385383
4385384
4385385
4385386
4385387
4385388
4385389
4385390
4385391
4385392
4385393
4385394
4385395
4385396
4385397
4385398
4385399
4385400
4385401
4385402
4385403
4385404
4385405
4385406
4385407
4385408
4385409
4385410
4385411
4385412
4385413
4385414
4385415
4385416
4385417
4385418
4385419
4385420
4385421
4385422
4385423
4385424
4385425
4385426
4395015
4408808
4415097
4431131
4435674
4463607
4493247
4508360
4509629
4550417
4550418
4550419
4550420
4556153
4573108
4580475
4585718
4585719
4585720
4585721
4585722
4605190
4630580
4635752
4635753
4647035
4659175
4673006
4674684
4674685
4675429
4679228
4689249
4691169
4694048
4694276
4696083
4697630
4697631
4697632
4697633
4697634
4697635
4697636
4697637
4698086
4716281
4718650
4719460
4722524
4722908
4728239
4731228
4731296
4736984
4748850
4749796
4750576
4754031
4759019
4762998
4764994
4771106
4771523
4795243
4795841
4802503
4805863
4816189
4819987
4820468
4820704
4824289
4841179
4845637
4845638
4845639
4845640
4845641
4845642
4845643
4845644
4845645
4845646
4845647
4845648
4845649
4845650
4845651
4845652
4845653
4845654
4845655
4845656
4845657
4845658
4845659
4845660
4845661
4845662
4845663
4845664
4845665
4845666
4845667
4845668
4845669
4845670
4845671
4845672
4845673
4845674
4845675
4845676
4845677
4845678
4845679
4845680
4845681
4845682
4845683
4845684
4845685
4855557
4859521
4866637
4869715
4872687
4888831
4931391
4972505
4977658
4977659
4999331
4999332
5012691
5021823
5053374
5053375
5065966
5075308
5075309
5123812
5126669
5149914
5164345
5172779
5172780
5232893
5238439
5238440
5238441
5238442
5238443
5238458
5238459
5238460
5238461
5238462
5238482
5238483
5238484
5238485
5238486
5238514
5238515
5238516
5238517
5238518
5238519
5238520
5238521
5238522
5238523
5238524
5238525
5238526
5238527
5238528
5238537
5238538
5238539
5238540
5238557
5238558
5238559
5238560
5238561
5238572
5238573
5238574
5238575
5238576
5238584
5238585
5238586
5238587
5238588
5238600
5238601
5238602
5238603
5238604
5238608
5238609
5238610
5238611
5238612
5238616
5238617
5238618
5238619
5238625
5238626
5238627
5238628
5238631
5238632
5238633
5238634
5238635
5238648
5238649
5238650
5238668
5238669
5238670
5238671
5238678
5238679
5238680
5238681
5238682
5238694
5238695
5238696
5238697
5238708
5238709
5238710
5238711
5238712
5238713
5238714
5238715
5238716
5238717
5238779
5238800
5238820
5238822
5238824
5238828
5238829
5238883
5238884
5238885
5238886
5238887
5239812
5239816
5254705
5254706
5287342
5329220
5338720
5338721
5338722
5338723
5358689
5358690
5396584
5399430
5402174
5424045
5446842
5467386
5506948
5519385
5545714
5564129
5614252
5623646
5623647
5645970
5645971
5661020
